1111111111111111111111111111111
10000010010000000000000000000P1
1001111001111001111001111001001
1000000000000001000001000001001
1001001001111111111001111111111
1001001000001000001000000001001
1001111001111001111111001111001
1000001001001000001000001000001
1111001001001001111111001001111
1001001000000000001001000001001
1001111111111111001001111001001
1001000000000000001001000001001
1001111111111001111001001001S01
1000001000000001001000001000001
1001111111111001001111111111001
10010010000000010000d10000E1001
1001001001111111111001001111001
1000001001000000001001001000001
1001001001111111001001001001001
1001000000000000000000001001001
1111111111111111111111111111111